1,3771
2,524
3,1478
4,1642
5,964
6,1049
7,4128
8,913
9,1747
10,52
11,6081
12,886
13,5040
14,1063
15,1965
16,3279
17,2839
18,938
19,5859
20,1294
21,1242
22,27
23,13
24,8
25,25
26,13
27,11
28,12
29,12
30,13
31,21
32,1
33,14
34,9
35,1
36,2
37,26
38,45
40,31
41,14
42,4
43,1
44,2
45,62
46,5
47,58
48,2
49,4
50,22
51,7
52,22
53,4
54,10
55,9
56,11
57,4
58,1
59,20
60,2
61,37
62,9
63,16
64,8
65,9
66,35
67,6
69,29
70,10
71,1
72,25
73,12
74,12
75,52
76,7
77,15
78,20
79,5
80,10
81,29
83,10
84,6
85,8
86,3
87,10
88,26
89,13
90,5
91,9
92,74
93,3
94,26
95,11
96,9
97,19
98,33
99,5
100,27
101,15
102,2
103,8
104,52
105,5
106,11
107,50
108,6
109,11
110,17
111,7
112,18
113,3
114,34
115,13
116,15
117,21
118,9
119,9
120,20
121,7
123,18
124,11
125,6
126,11
127,16
128,12
129,12
130,15
131,26
132,5
133,15
134,1
2013,1
,1260
